İleri Düzey 2. Öğr. Arasınav
1    1222705039 
2    1222706023 18
3    1222706026 41
4    1322705033 4
5    1322706004 13
6    1422705009 17
7    1422705020 6
8    1422705025 1
9    1422705029 
10   1422705031 18
11   1422705044 26
12   1422705057 3
13   1422705059 2
14   1422705060 1
15   1422705062 
16   1422705312 0
17   1522705002 
18   1522705024 
19   1522705030 14
20   1522705032 
21   1522705040 3
22   1522705049 
23   1522705050 2
24   1522705059 2
25   1522705309 0
26   1522705318 0
27   1522706014 3
28   1622705002 
29   1622705006 9
30   1622705008 6
31   1622705014 14
32   1622705016 26
33   1622705017 
34   1622705020 3
35   1622705023 
36   1622705032 2
37   1622705037 0
38   1622705043 
39   1622705047 1
40   1622705051 0
41   1622705053 3
42   1622705061 0
43   1622705068 
44   1622706001 3
45   1622706004 0
46   1622706006 16
47   1622706007 
48   1622706009 3
49   1622706011 
50   1622706012 7
51   1722705002 
52   1722705003 
53   1722705008 6
54   1722705009 33
55   1722705010 
56   1722705012 0
57   1722705013 8
58   1722705015 7
59   1722705018 6
60   1722705020 6
61   1722705021 2
62   1722705022 0
63   1722705023 
64   1722705024 14
65   1722705025 25
66   1722705028 42
67   1722705031 7
68   1722705038 21
69   1722705041 10
70   1722705043 
71   1722705044 17
72   1722705046 2
73   1722705047 0
74   1722705048 4
75   1722705049 0
76   1722705050 56
77   1722705052 0
78   1722705053 2
79   1722705056 5
80   1722705057 11
81   1722705060 17
82   1722705061 1
83   1722705064 0
84   1722705066 
85   1722705072 24
86   1722705074 18
87   1722706005 25
88   1722706006 1
89   1722706007 9
90   1722706008 65
91   1722706009 51
92   1722706010 42
93   1722706011 7
94   1722706012 0
95   1722706014 30
96   1722706015 0
97   1722706016 24
98   1822705001 25
99   1822705002 91
100  1822705011 27
101  1822705016 33
102  1822705022 12
103  1822705024 1
104  1822705026 9
105  1822705028 5
106  1822705030 15
107  1822705033 7
108  1822705040 0
109  1822705045 1
110  1822705052 10
111  1822705054 
112  1822705059 2
113  1822705063 3
114  1822705080 27
115  1822706008 10
116  1122705016 15
