İleri Düzey 1. Öğr. Arasınav
1	1112705032 5
2	1112706045 24
3	1312705008 5
4	1312705025 1
5	1312705042 1
6	1312706008 
7	1312706018 21
8	1412705004 7
9	1412705005 13
10	1412705014 2
11	1412705021 13
12	1412705026 
13	1412706017 
14	1412710002 
15	1512705023 2
16	1512705026 18
17	1512705028 1
18	1512705029 14
19	1512705038 1
20	1512705041 42
21	1512706003 5
22	1512706020 8
23	1612705001 
24	1612705005 
25	1612705011 4
26	1612705014 
27	1612705016 
28	1612705018 
29	1612705020 15
30	1612705021 0
31	1612705030 
32	1612705035 26
33	1612705038 
34	1612705040 
35	1612705046 14
36	1612705051 14
37	1612705065 18
38	1612705073 13
39	1612705075 63
40	1612706002 25
41	1612706003 0
42	1612706011 4
43	1612706013 9
44	1612706015 20
45	1622705010 
46	1712705001 
47	1712705002 11
48	1712705004 
49	1712705006 0
50	1712705012 0
51	1712705014 19
52	1712705019 0
53	1712705022 8
54	1712705023 5
55	1712705024 0
56	1712705028 0
57	1712705029 
58	1712705035 
59	1712705038 4
60	1712705040 14
61	1712705041 8
62	1712705042 0
63	1712705044 0
64	1712705046 0
65	1712705047 29
66	1712705048 1
67	1712705049 39
68	1712705052 
69	1712705054 14
70	1712705055 6
71	1712705057 6
72	1712705058 10
73	1712705059 6
74	1712705060 4
75	1712705061 26
76	1712705062 8
77	1712705094 47
78	1712705096 24
79	1712705097 53
80	1712705099 10
81	1712706001 10
82	1712706002 10
83	1712706004 15
84	1712706005 14
85	1712706006 24
86	1712706008 56
87	1712706010 17
88	1712706011 65
89	1712706012 3
90	1712706014 13
91	1712706016 52
92	1722705034 6
93	1722705040 
94	1722705045 5
95	1722705063 5
96	1722707029 
97	1812705001 0
98	1812705002 11
99	1812705003 19
100	1812705004 
101	1812705006 0
102	1812705008 3
103	1812705014 27
104	1812705016 17
105	1812705017 47
106	1812705018 
107	1812705019 
108	1812705021 31
109	1812705025 18
110	1812705026 62
111	1812705027 2
112	1812705028 4
113	1812705029 
114	1812705033 7
115	1812705035 29
116	1812705037 2
117	1812705038 46
118	1812705039 7
119	1812705040 1
120	1812705041 3
121	1812705043 9
122	1812705044 0
123	1812705047 
124	1812705048 5
125	1812705051 0
126	1812705053 10
127	1812705054 52
128	1812705056 39
129	1812705058 64
130	1812705060 14
131	1812705061 22
132	1812705064 22
133	1812705104 
134	1812706001 
135	1812706003 7
136	1812706007 35
137	1812706017 0
138	1822709013 
