1. ogretim kalanlar
 1412705021
 1512705038
 1512706020
 1612705016
 1612705018
 1612705021
 1612705030
 1612705035
 1712705002
 1712706001
 1712706006
 1722705034
 1722705040
 1812705001
 1812705004
 1812705006
 1812705008
 1812705014
 1812705016
 1812705027
 1812705040
 1812705044
 1812705048
 1812705051
 1812705060
 1812705104
 1812706001
 1812706003
 1812706017
 1822709013
 
2. ogretim kalanlar
 1322705033
 1422705060
 1422705312
 1622705002
 1622705023
 1622705043
 1722705002
 1722705015
 1722705021
 1722705043
 1722705044
 1722705047
 1722705052
 1722705057
 1722705064
 1722705066
 1722706007
 1822705024
 1822705030
 1822705040
 1822705059
 1822705080